image: house_map2.pgm
resolution: 0.010000
origin: [-8.600000, -8.558859, 0.000000]
negate: 0
occupied_thresh: 0.65
free_thresh: 0.196

